0 0.18303571428571427 0.8705357142857143 0.32142857142857145 0.2544642857142857
0 0.29464285714285715 0.6428571428571429 0.16517857142857142 0.24107142857142858
0 0.5267857142857143 0.8303571428571429 0.20089285714285715 0.25892857142857145
0 0.48214285714285715 0.5982142857142857 0.09821428571428571 0.14285714285714285
0 0.49107142857142855 0.4330357142857143 0.09375 0.10714285714285714
0 0.13392857142857142 0.5401785714285714 0.15625 0.14285714285714285
0 0.35267857142857145 0.47767857142857145 0.08482142857142858 0.08482142857142858
0 0.7142857142857143 0.6919642857142857 0.29017857142857145 0.35714285714285715
0 0.8169642857142857 0.5267857142857143 0.06696428571428571 0.07142857142857142
0 0.7767857142857143 0.38392857142857145 0.12946428571428573 0.15178571428571427
0 0.6339285714285714 0.39285714285714285 0.13392857142857142 0.1875
0 0.25892857142857145 0.39732142857142855 0.10267857142857142 0.12053571428571429
0 0.36160714285714285 0.33035714285714285 0.0625 0.0625
0 0.45089285714285715 0.29017857142857145 0.07589285714285714 0.07142857142857142