0 0.8214285714285714 0.6830357142857143 0.25892857142857145 0.375
0 0.6026785714285714 0.6205357142857143 0.25 0.20089285714285715
0 0.7589285714285714 0.36607142857142855 0.26785714285714285 0.23660714285714285
0 0.5446428571428571 0.45535714285714285 0.14732142857142858 0.12053571428571429
0 0.38392857142857145 0.48214285714285715 0.11160714285714286 0.11160714285714286
0 0.5178571428571429 0.7901785714285714 0.16071428571428573 0.16964285714285715
0 0.4375 0.5982142857142857 0.09375 0.09821428571428571
0 0.6160714285714286 0.21875 0.3794642857142857 0.3392857142857143
0 0.44642857142857145 0.15625 0.07589285714285714 0.07589285714285714
0 0.3125 0.22321428571428573 0.16517857142857142 0.14732142857142858
0 0.32589285714285715 0.35714285714285715 0.19642857142857142 0.16071428571428573
0 0.3705357142857143 0.7053571428571429 0.12946428571428573 0.12053571428571429
0 0.29464285714285715 0.625 0.06696428571428571 0.07142857142857142
0 0.24553571428571427 0.5491071428571429 0.07589285714285714 0.08482142857142858