0 0.7589285714285714 0.08928571428571429 0.36607142857142855 0.17410714285714285
0 0.6964285714285714 0.2767857142857143 0.19642857142857142 0.2544642857142857
0 0.4419642857142857 0.15625 0.23660714285714285 0.2767857142857143
0 0.5223214285714286 0.36607142857142855 0.11607142857142858 0.15178571428571427
0 0.5446428571428571 0.5267857142857143 0.10714285714285714 0.11607142857142858
0 0.8660714285714286 0.33482142857142855 0.16964285714285715 0.16071428571428573
0 0.6651785714285714 0.45089285714285715 0.09375 0.09375
0 0.2857142857142857 0.33482142857142855 0.33482142857142855 0.38392857142857145
0 0.21428571428571427 0.5223214285714286 0.07589285714285714 0.07589285714285714
0 0.2767857142857143 0.6473214285714286 0.14732142857142858 0.16517857142857142
0 0.41517857142857145 0.6071428571428571 0.16071428571428573 0.19642857142857142
0 0.7723214285714286 0.5044642857142857 0.11607142857142858 0.12946428571428573
0 0.6875 0.59375 0.07142857142857142 0.07142857142857142
0 0.6071428571428571 0.65625 0.08482142857142858 0.08035714285714286