0 0.5982142857142857 0.625 0.049107142857142856 0.07142857142857142
0 0.8125 0.53125 0.10714285714285714 0.10267857142857142
0 0.9285714285714286 0.8348214285714286 0.14285714285714285 0.13392857142857142
0 0.9508928571428571 0.5982142857142857 0.09375 0.11607142857142858
0 0.9330357142857143 0.45535714285714285 0.125 0.10267857142857142
0 0.8080357142857143 0.38839285714285715 0.08482142857142858 0.08035714285714286
0 0.6964285714285714 0.19196428571428573 0.3392857142857143 0.35714285714285715
0 0.875 0.044642857142857144 0.20089285714285715 0.08482142857142858
0 0.5669642857142857 0.47767857142857145 0.12053571428571429 0.11160714285714286
0 0.8080357142857143 0.6339285714285714 0.09375 0.09375
0 0.9642857142857143 0.7366071428571429 0.07142857142857142 0.10267857142857142
0 0.9642857142857143 0.29910714285714285 0.06696428571428571 0.13392857142857142
0 0.625 0.5178571428571429 0.05803571428571429 0.049107142857142856