0 0.6339285714285714 0.4732142857142857 0.07142857142857142 0.04017857142857143
0 0.5669642857142857 0.23660714285714285 0.09821428571428571 0.09821428571428571
0 0.8973214285714286 0.15625 0.12946428571428573 0.16071428571428573
0 0.6607142857142857 0.08035714285714286 0.11160714285714286 0.13392857142857142
0 0.5133928571428571 0.10267857142857142 0.09821428571428571 0.11607142857142858
0 0.42410714285714285 0.21875 0.08035714285714286 0.07589285714285714
0 0.20982142857142858 0.29464285714285715 0.3482142857142857 0.30357142857142855
0 0.0625 0.09375 0.125 0.16964285714285715
0 0.47767857142857145 0.47767857142857145 0.10714285714285714 0.10714285714285714
0 0.6696428571428571 0.25892857142857145 0.08928571428571429 0.08482142857142858
0 0.8035714285714286 0.08928571428571429 0.09821428571428571 0.12053571428571429
0 0.35714285714285715 0.03571428571428571 0.13392857142857142 0.05803571428571429
0 0.5267857142857143 0.42410714285714285 0.044642857142857144 0.05357142857142857
0 0.6071428571428571 0.022321428571428572 0.13392857142857142 0.022321428571428572