0 0.5892857142857143 0.29464285714285715 0.05357142857142857 0.08035714285714286
0 0.8258928571428571 0.38392857142857145 0.11607142857142858 0.11607142857142858
0 0.9196428571428571 0.0625 0.15625 0.125
0 0.9598214285714286 0.30357142857142855 0.08035714285714286 0.12946428571428573
0 0.9464285714285714 0.45535714285714285 0.10267857142857142 0.11607142857142858
0 0.8392857142857143 0.5357142857142857 0.08928571428571429 0.09375
0 0.7455357142857143 0.75 0.36607142857142855 0.39732142857142855
0 0.9196428571428571 0.9017857142857143 0.16071428571428573 0.11160714285714286
0 0.5714285714285714 0.45089285714285715 0.12946428571428573 0.125
0 0.8125 0.27232142857142855 0.10267857142857142 0.10267857142857142
0 0.9642857142857143 0.15625 0.07142857142857142 0.11160714285714286
0 0.9910714285714286 0.6205357142857143 0.017857142857142856 0.14285714285714285
0 0.6294642857142857 0.40625 0.0625 0.05357142857142857