0 0.4330357142857143 0.96875 0.10714285714285714 0.0625
0 0.8705357142857143 0.3125 0.23660714285714285 0.22321428571428573
0 0.41517857142857145 0.6607142857142857 0.05803571428571429 0.05357142857142857
0 0.65625 0.6339285714285714 0.14285714285714285 0.1875
0 0.6651785714285714 0.33482142857142855 0.13392857142857142 0.22321428571428573
0 0.5580357142857143 0.5267857142857143 0.08035714285714286 0.10267857142857142
0 0.5223214285714286 0.38839285714285715 0.049107142857142856 0.05357142857142857
0 0.28125 0.33482142857142855 0.07142857142857142 0.11160714285714286
0 0.27232142857142855 0.48660714285714285 0.044642857142857144 0.0625
0 0.20535714285714285 0.4330357142857143 0.07142857142857142 0.10267857142857142
0 0.34375 0.38392857142857145 0.05357142857142857 0.07589285714285714
0 0.4330357142857143 0.2544642857142857 0.09821428571428571 0.07589285714285714