0 0.5892857142857143 0.9598214285714286 0.125 0.08035714285714286
0 0.8169642857142857 0.2857142857142857 0.26339285714285715 0.26785714285714285
0 0.4955357142857143 0.6830357142857143 0.06696428571428571 0.0625
0 0.7053571428571429 0.6160714285714286 0.16964285714285715 0.20535714285714285
0 0.6339285714285714 0.3392857142857143 0.16964285714285715 0.24107142857142858
0 0.5892857142857143 0.5357142857142857 0.09375 0.11160714285714286
0 0.5178571428571429 0.41517857142857145 0.05357142857142857 0.0625
0 0.2857142857142857 0.4017857142857143 0.08482142857142858 0.12053571428571429
0 0.3169642857142857 0.5446428571428571 0.05357142857142857 0.06696428571428571
0 0.24553571428571427 0.5044642857142857 0.08482142857142858 0.11607142857142858
0 0.35714285714285715 0.4375 0.06696428571428571 0.08035714285714286
0 0.40625 0.30357142857142855 0.10714285714285714 0.09821428571428571