0 0.6071428571428571 0.8839285714285714 0.11607142857142858 0.125
0 0.11160714285714286 0.3794642857142857 0.21875 0.26785714285714285
0 0.5714285714285714 0.5803571428571429 0.0625 0.06696428571428571
0 0.34375 0.6160714285714286 0.16517857142857142 0.20982142857142858
0 0.2857142857142857 0.3482142857142857 0.16517857142857142 0.24553571428571427
0 0.41517857142857145 0.4955357142857143 0.09375 0.11607142857142858
0 0.42857142857142855 0.36160714285714285 0.05357142857142857 0.0625
0 0.6428571428571429 0.25 0.08482142857142858 0.125
0 0.6785714285714286 0.38392857142857145 0.05357142857142857 0.07142857142857142
0 0.7276785714285714 0.3169642857142857 0.08035714285714286 0.11607142857142858
0 0.5892857142857143 0.3080357142857143 0.06696428571428571 0.08482142857142858
0 0.48660714285714285 0.21428571428571427 0.10714285714285714 0.09821428571428571