0 0.13839285714285715 0.75 0.24107142857142858 0.35714285714285715
0 0.5357142857142857 0.15178571428571427 0.17857142857142858 0.23214285714285715
0 0.625 0.375 0.16517857142857142 0.21428571428571427
0 0.45982142857142855 0.5535714285714286 0.32589285714285715 0.3705357142857143
0 0.7678571428571429 0.3794642857142857 0.10714285714285714 0.17410714285714285
0 0.84375 0.8125 0.06696428571428571 0.09375
0 0.8348214285714286 0.48660714285714285 0.125 0.18303571428571427
0 0.8258928571428571 0.6696428571428571 0.13839285714285715 0.19196428571428573
0 0.90625 0.6383928571428571 0.07589285714285714 0.11607142857142858
0 0.9017857142857143 0.29017857142857145 0.17857142857142858 0.27232142857142855
0 0.90625 0.4955357142857143 0.10267857142857142 0.16071428571428573
0 0.9553571428571429 0.53125 0.08928571428571429 0.13839285714285715
0 0.9553571428571429 0.42857142857142855 0.07589285714285714 0.10267857142857142
0 0.9017857142857143 0.7723214285714286 0.05803571428571429 0.09375
0 0.25 0.16071428571428573 0.24553571428571427 0.21875
0 0.41517857142857145 0.13839285714285715 0.16071428571428573 0.23660714285714285