0 0.7901785714285714 0.17857142857142858 0.35714285714285715 0.2857142857142857
0 0.20089285714285715 0.53125 0.22767857142857142 0.17410714285714285
0 0.42410714285714285 0.6428571428571429 0.20982142857142858 0.16071428571428573
0 0.59375 0.5 0.36160714285714285 0.3169642857142857
0 0.4375 0.7857142857142857 0.16517857142857142 0.10267857142857142
0 0.8616071428571429 0.9017857142857143 0.08928571428571429 0.06696428571428571
0 0.5446428571428571 0.8571428571428571 0.17857142857142858 0.12053571428571429
0 0.71875 0.8705357142857143 0.1875 0.13392857142857142
0 0.6964285714285714 0.9464285714285714 0.11160714285714286 0.07589285714285714
0 0.35267857142857145 0.90625 0.26785714285714285 0.17410714285714285
0 0.5491071428571429 0.9285714285714286 0.15625 0.09821428571428571
0 0.5892857142857143 0.96875 0.13392857142857142 0.05803571428571429
0 0.48660714285714285 0.96875 0.10267857142857142 0.0625
0 0.8258928571428571 0.9553571428571429 0.08928571428571429 0.05803571428571429
0 0.20535714285714285 0.2544642857142857 0.20535714285714285 0.24107142857142858
0 0.1875 0.41517857142857145 0.23214285714285715 0.15178571428571427