0 0.12946428571428573 0.71875 0.2544642857142857 0.3169642857142857
0 0.7857142857142857 0.5089285714285714 0.22321428571428573 0.17857142857142858
0 0.6294642857142857 0.35714285714285715 0.20089285714285715 0.16517857142857142
0 0.40625 0.45089285714285715 0.35267857142857145 0.32589285714285715
0 0.6785714285714286 0.21875 0.16517857142857142 0.10714285714285714
0 0.33482142857142855 0.026785714285714284 0.08482142857142858 0.049107142857142856
0 0.6160714285714286 0.125 0.17410714285714285 0.125
0 0.45535714285714285 0.08035714285714286 0.18303571428571427 0.13839285714285715
0 0.5133928571428571 0.022321428571428572 0.11160714285714286 0.044642857142857144
0 0.8125 0.12053571428571429 0.25892857142857145 0.17857142857142858
0 0.6383928571428571 0.05803571428571429 0.15625 0.10267857142857142
0 0.625 0.022321428571428572 0.12946428571428573 0.044642857142857144
0 0.7142857142857143 0.03571428571428571 0.09821428571428571 0.07142857142857142
0 0.6607142857142857 0.7678571428571429 0.20089285714285715 0.24553571428571427
0 0.75 0.6205357142857143 0.22321428571428573 0.16071428571428573