0 0.7723214285714286 0.05803571428571429 0.17410714285714285 0.049107142857142856
0 0.42410714285714285 0.044642857142857144 0.17857142857142858 0.05357142857142857
0 0.8660714285714286 0.9508928571428571 0.08928571428571429 0.07589285714285714
0 0.7857142857142857 0.8660714285714286 0.12053571428571429 0.11160714285714286
0 0.84375 0.7276785714285714 0.10714285714285714 0.08482142857142858
0 0.5580357142857143 0.44642857142857145 0.27232142857142855 0.23660714285714285
0 0.36160714285714285 0.18303571428571427 0.20535714285714285 0.25
0 0.2767857142857143 0.5535714285714286 0.26339285714285715 0.19642857142857142
0 0.46875 0.625 0.11160714285714286 0.14285714285714285
0 0.09821428571428571 0.7544642857142857 0.09375 0.09821428571428571
0 0.19642857142857142 0.7098214285714286 0.09375 0.08035714285714286
0 0.35714285714285715 0.8303571428571429 0.29017857142857145 0.16517857142857142
0 0.33035714285714285 0.9508928571428571 0.26785714285714285 0.09375
0 0.6116071428571429 0.9910714285714286 0.06696428571428571 0.017857142857142856