0 0.35714285714285715 0.008928571428571428 0.17410714285714285 0.017857142857142856
0 0.7857142857142857 0.7767857142857143 0.09375 0.08482142857142858
0 0.7098214285714286 0.7098214285714286 0.125 0.125
0 0.7678571428571429 0.5625 0.11160714285714286 0.09821428571428571
0 0.48660714285714285 0.3482142857142857 0.2857142857142857 0.26339285714285715
0 0.29464285714285715 0.13839285714285715 0.21875 0.26785714285714285
0 0.20982142857142858 0.5133928571428571 0.27232142857142855 0.22321428571428573
0 0.39732142857142855 0.5401785714285714 0.12053571428571429 0.15178571428571427
0 0.04017857142857143 0.75 0.08035714285714286 0.10267857142857142
0 0.13392857142857142 0.6830357142857143 0.09821428571428571 0.08928571428571429
0 0.29017857142857145 0.7678571428571429 0.29464285714285715 0.19642857142857142
0 0.26339285714285715 0.90625 0.27232142857142855 0.16071428571428573
0 0.5401785714285714 0.90625 0.07589285714285714 0.10267857142857142