0 0.6607142857142857 0.008928571428571428 0.17857142857142858 0.013392857142857142
0 0.3169642857142857 0.04017857142857143 0.1875 0.07589285714285714
0 0.7857142857142857 0.8616071428571429 0.10267857142857142 0.08482142857142858
0 0.7053571428571429 0.7946428571428571 0.13839285714285715 0.12946428571428573
0 0.7589285714285714 0.6428571428571429 0.12053571428571429 0.10267857142857142
0 0.45982142857142855 0.41964285714285715 0.3125 0.27232142857142855
0 0.2544642857142857 0.20089285714285715 0.24107142857142858 0.2767857142857143
0 0.17857142857142858 0.59375 0.29464285714285715 0.22767857142857142
0 0.375 0.6205357142857143 0.13392857142857142 0.15625
0 0.026785714285714284 0.8303571428571429 0.05357142857142857 0.09821428571428571
0 0.10267857142857142 0.7678571428571429 0.10714285714285714 0.09375
0 0.27232142857142855 0.8526785714285714 0.3169642857142857 0.20089285714285715
0 0.24553571428571427 0.9553571428571429 0.28125 0.08035714285714286
0 0.53125 0.9642857142857143 0.07142857142857142 0.04017857142857143