0 0.5178571428571429 0.08928571428571429 0.125 0.17410714285714285
0 0.5625 0.24553571428571427 0.19196428571428573 0.17857142857142858
0 0.7098214285714286 0.38839285714285715 0.11160714285714286 0.11160714285714286
0 0.4642857142857143 0.4330357142857143 0.08482142857142858 0.08035714285714286
0 0.3169642857142857 0.5535714285714286 0.08482142857142858 0.09375
0 0.45982142857142855 0.5714285714285714 0.08482142857142858 0.09375
0 0.8303571428571429 0.5446428571428571 0.11607142857142858 0.125
0 0.5491071428571429 0.7589285714285714 0.125 0.09375
0 0.7232142857142857 0.6428571428571429 0.07589285714285714 0.125
0 0.6875 0.4955357142857143 0.08035714285714286 0.07142857142857142
0 0.9017857142857143 0.6517857142857143 0.16071428571428573 0.125
0 0.8035714285714286 0.7276785714285714 0.08035714285714286 0.06696428571428571
0 0.16071428571428573 0.8571428571428571 0.19196428571428573 0.14732142857142858
0 0.3080357142857143 0.71875 0.07142857142857142 0.08035714285714286
0 0.4642857142857143 0.8660714285714286 0.06696428571428571 0.07142857142857142
0 0.6919642857142857 0.8348214285714286 0.16964285714285715 0.10267857142857142