0 0.38839285714285715 0.8571428571428571 0.14732142857142858 0.19196428571428573
0 0.39732142857142855 0.6964285714285714 0.20535714285714285 0.19642857142857142
0 0.3080357142857143 0.5223214285714286 0.125 0.125
0 0.5491071428571429 0.5535714285714286 0.09375 0.09375
0 0.71875 0.47767857142857145 0.09821428571428571 0.09821428571428571
0 0.59375 0.42410714285714285 0.09375 0.09821428571428571
0 0.24553571428571427 0.3482142857142857 0.12946428571428573 0.13839285714285715
0 0.5714285714285714 0.22321428571428573 0.12946428571428573 0.10267857142857142
0 0.3794642857142857 0.2857142857142857 0.09375 0.12946428571428573
0 0.36607142857142855 0.42857142857142855 0.08928571428571429 0.08035714285714286
0 0.21428571428571427 0.22767857142857142 0.16964285714285715 0.14285714285714285
0 0.33035714285714285 0.18303571428571427 0.08928571428571429 0.07589285714285714
0 0.9241071428571429 0.24107142857142858 0.13392857142857142 0.16964285714285715
0 0.78125 0.33035714285714285 0.08035714285714286 0.08928571428571429
0 0.6830357142857143 0.14732142857142858 0.07589285714285714 0.07589285714285714
0 0.4642857142857143 0.11607142857142858 0.17857142857142858 0.12053571428571429