0 0.8214285714285714 0.5669642857142857 0.17857142857142858 0.125
0 0.6607142857142857 0.5848214285714286 0.17410714285714285 0.18303571428571427
0 0.5089285714285714 0.7008928571428571 0.10714285714285714 0.11160714285714286
0 0.4955357142857143 0.45982142857142855 0.08035714285714286 0.08482142857142858
0 0.39732142857142855 0.29910714285714285 0.09375 0.08482142857142858
0 0.36160714285714285 0.4330357142857143 0.08928571428571429 0.08482142857142858
0 0.3392857142857143 0.7946428571428571 0.125 0.11607142857142858
0 0.16964285714285715 0.48660714285714285 0.08482142857142858 0.12053571428571429
0 0.25892857142857145 0.6696428571428571 0.125 0.07589285714285714
0 0.40625 0.6607142857142857 0.07142857142857142 0.08035714285714286
0 0.22767857142857142 0.84375 0.125 0.15625
0 0.16964285714285715 0.7366071428571429 0.06696428571428571 0.08035714285714286
0 0.125 0.09821428571428571 0.14285714285714285 0.1875
0 0.24107142857142858 0.26339285714285715 0.08035714285714286 0.06696428571428571
0 0.08035714285714286 0.38839285714285715 0.06696428571428571 0.06696428571428571
0 0.08035714285714286 0.6116071428571429 0.09821428571428571 0.16517857142857142