0 0.14732142857142858 0.10267857142857142 0.22321428571428573 0.20089285714285715
0 0.16071428571428573 0.6294642857142857 0.3169642857142857 0.3080357142857143
0 0.17857142857142858 0.8973214285714286 0.20982142857142858 0.19196428571428573
0 0.38839285714285715 0.6428571428571429 0.14285714285714285 0.14285714285714285
0 0.22321428571428573 0.375 0.19642857142857142 0.17410714285714285
0 0.45535714285714285 0.46875 0.14732142857142858 0.12053571428571429
0 0.49107142857142855 0.8705357142857143 0.21875 0.2544642857142857
0 0.5535714285714286 0.5580357142857143 0.07589285714285714 0.08482142857142858
0 0.4642857142857143 0.30357142857142855 0.10267857142857142 0.11160714285714286
0 0.33482142857142855 0.19196428571428573 0.12053571428571429 0.10714285714285714
0 0.5535714285714286 0.4375 0.06696428571428571 0.08035714285714286
0 0.5178571428571429 0.6785714285714286 0.11160714285714286 0.13392857142857142
0 0.3482142857142857 0.5223214285714286 0.09821428571428571 0.08928571428571429
0 0.6205357142857143 0.5446428571428571 0.07142857142857142 0.0625