0 0.8883928571428571 0.05803571428571429 0.22321428571428573 0.11160714285714286
0 0.33482142857142855 0.16071428571428573 0.25892857142857145 0.32142857142857145
0 0.08482142857142858 0.26785714285714285 0.16517857142857142 0.19196428571428573
0 0.36607142857142855 0.4017857142857143 0.12946428571428573 0.13392857142857142
0 0.6071428571428571 0.16964285714285715 0.15178571428571427 0.18303571428571427
0 0.5491071428571429 0.41964285714285715 0.10267857142857142 0.13839285714285715
0 0.13392857142857142 0.5803571428571429 0.26785714285714285 0.19196428571428573
0 0.4732142857142857 0.5446428571428571 0.08035714285714286 0.06696428571428571
0 0.7142857142857143 0.38392857142857145 0.10267857142857142 0.09375
0 0.8080357142857143 0.22767857142857142 0.09375 0.11160714285714286
0 0.59375 0.5133928571428571 0.07589285714285714 0.0625
0 0.3482142857142857 0.5446428571428571 0.12053571428571429 0.10267857142857142
0 0.48214285714285715 0.33035714285714285 0.07589285714285714 0.09375
0 0.4955357142857143 0.6071428571428571 0.05357142857142857 0.07142857142857142