0 0.07589285714285714 0.19196428571428573 0.14732142857142858 0.23660714285714285
0 0.20982142857142858 0.7142857142857143 0.38392857142857145 0.29017857142857145
0 0.36607142857142855 0.9196428571428571 0.19642857142857142 0.14732142857142858
0 0.46875 0.625 0.13392857142857142 0.13839285714285715
0 0.21875 0.4375 0.1875 0.16517857142857142
0 0.46875 0.44642857142857145 0.13839285714285715 0.11607142857142858
0 0.6607142857142857 0.8303571428571429 0.20089285714285715 0.30357142857142855
0 0.59375 0.49107142857142855 0.06696428571428571 0.08482142857142858
0 0.41964285714285715 0.2857142857142857 0.09375 0.10714285714285714
0 0.25892857142857145 0.22767857142857142 0.11160714285714286 0.10267857142857142
0 0.5491071428571429 0.3794642857142857 0.0625 0.07589285714285714
0 0.6026785714285714 0.6160714285714286 0.10267857142857142 0.12946428571428573
0 0.38839285714285715 0.53125 0.09375 0.08482142857142858
0 0.6517857142857143 0.45535714285714285 0.07142857142857142 0.05803571428571429