0 0.9107142857142857 0.42857142857142855 0.13839285714285715 0.20535714285714285
0 0.5714285714285714 0.6205357142857143 0.20535714285714285 0.23660714285714285
0 0.5446428571428571 0.1875 0.12946428571428573 0.12053571428571429
0 0.5982142857142857 0.32142857142857145 0.20982142857142858 0.22321428571428573
0 0.45982142857142855 0.45535714285714285 0.13839285714285715 0.13839285714285715
0 0.42410714285714285 0.34375 0.11160714285714286 0.15178571428571427
0 0.3125 0.5625 0.10267857142857142 0.10714285714285714
0 0.3169642857142857 0.45982142857142855 0.11160714285714286 0.10714285714285714
0 0.33035714285714285 0.3482142857142857 0.07589285714285714 0.09375
0 0.22767857142857142 0.2857142857142857 0.10267857142857142 0.16071428571428573
0 0.16964285714285715 0.38839285714285715 0.11607142857142858 0.12946428571428573
0 0.0625 0.45982142857142855 0.06696428571428571 0.07589285714285714