0 0.07142857142857142 0.34375 0.13839285714285715 0.19642857142857142
0 0.28125 0.6205357142857143 0.21428571428571427 0.21875
0 0.5178571428571429 0.24107142857142858 0.12946428571428573 0.11160714285714286
0 0.40625 0.3482142857142857 0.21428571428571427 0.20535714285714285
0 0.4642857142857143 0.5089285714285714 0.14285714285714285 0.12946428571428573
0 0.5491071428571429 0.41964285714285715 0.11607142857142858 0.14285714285714285
0 0.5491071428571429 0.6428571428571429 0.10267857142857142 0.09821428571428571
0 0.59375 0.5491071428571429 0.11607142857142858 0.09821428571428571
0 0.6383928571428571 0.45089285714285715 0.07589285714285714 0.08482142857142858
0 0.7589285714285714 0.42857142857142855 0.11160714285714286 0.15178571428571427
0 0.7589285714285714 0.53125 0.12053571428571429 0.12053571428571429
0 0.8214285714285714 0.6294642857142857 0.06696428571428571 0.06696428571428571