0 0.9285714285714286 0.4732142857142857 0.12946428571428573 0.20089285714285715
0 0.65625 0.7142857142857143 0.19642857142857142 0.23214285714285715
0 0.48214285714285715 0.29017857142857145 0.125 0.11607142857142858
0 0.5803571428571429 0.41517857142857145 0.20089285714285715 0.21875
0 0.48660714285714285 0.5714285714285714 0.13392857142857142 0.13392857142857142
0 0.41517857142857145 0.4642857142857143 0.10267857142857142 0.14732142857142858
0 0.375 0.6919642857142857 0.09821428571428571 0.10267857142857142
0 0.3482142857142857 0.5892857142857143 0.10714285714285714 0.10714285714285714
0 0.32142857142857145 0.48214285714285715 0.07142857142857142 0.09375
0 0.19642857142857142 0.4375 0.09375 0.16071428571428573
0 0.17857142857142858 0.5446428571428571 0.10714285714285714 0.13392857142857142
0 0.09821428571428571 0.6294642857142857 0.0625 0.07142857142857142