0 0.4375 0.78125 0.26339285714285715 0.38839285714285715
0 0.22321428571428573 0.6919642857142857 0.2767857142857143 0.32142857142857145
0 0.46875 0.42857142857142855 0.30357142857142855 0.25892857142857145
0 0.32142857142857145 0.35714285714285715 0.14732142857142858 0.12946428571428573
0 0.39285714285714285 0.4955357142857143 0.0625 0.06696428571428571
0 0.32589285714285715 0.4732142857142857 0.07589285714285714 0.07589285714285714
0 0.7410714285714286 0.5758928571428571 0.38392857142857145 0.53125
0 0.4642857142857143 0.29017857142857145 0.12053571428571429 0.09375
0 0.45982142857142855 0.29017857142857145 0.11160714285714286 0.08482142857142858
0 0.03125 0.8660714285714286 0.05803571428571429 0.09375
0 0.9375 0.48660714285714285 0.07142857142857142 0.15178571428571427