0 0.4330357142857143 0.7946428571428571 0.2544642857142857 0.40625
0 0.23214285714285715 0.6383928571428571 0.27232142857142855 0.3125
0 0.5133928571428571 0.4330357142857143 0.29910714285714285 0.24107142857142858
0 0.3794642857142857 0.32142857142857145 0.14732142857142858 0.12053571428571429
0 0.42857142857142855 0.48214285714285715 0.0625 0.0625
0 0.36607142857142855 0.44642857142857145 0.08035714285714286 0.07142857142857142
0 0.7678571428571429 0.6473214285714286 0.3705357142857143 0.5133928571428571
0 0.53125 0.29017857142857145 0.11607142857142858 0.08482142857142858
0 0.5223214285714286 0.29017857142857145 0.11160714285714286 0.08035714285714286
0 0.022321428571428572 0.7678571428571429 0.044642857142857144 0.09375
0 0.9642857142857143 0.6026785714285714 0.049107142857142856 0.14732142857142858