0 0.21428571428571427 0.5535714285714286 0.3794642857142857 0.23660714285714285
0 0.36160714285714285 0.7589285714285714 0.3169642857142857 0.25892857142857145
0 0.5625 0.48660714285714285 0.25 0.29017857142857145
0 0.6741071428571429 0.6294642857142857 0.125 0.14285714285714285
0 0.5133928571428571 0.5714285714285714 0.0625 0.05803571428571429
0 0.5535714285714286 0.6383928571428571 0.07142857142857142 0.07589285714285714
0 0.34375 0.22321428571428573 0.5267857142857143 0.35267857142857145
0 0.7053571428571429 0.47767857142857145 0.08928571428571429 0.11607142857142858
0 0.7053571428571429 0.48214285714285715 0.08482142857142858 0.10714285714285714
0 0.23214285714285715 0.96875 0.09375 0.05357142857142857
0 0.3794642857142857 0.026785714285714284 0.15178571428571427 0.049107142857142856