0 0.16517857142857142 0.3392857142857143 0.1875 0.24107142857142858
0 0.5089285714285714 0.36607142857142855 0.11160714285714286 0.21875
0 0.6160714285714286 0.2767857142857143 0.07142857142857142 0.17857142857142858
0 0.20089285714285715 0.9196428571428571 0.10714285714285714 0.12946428571428573
0 0.5714285714285714 0.5803571428571429 0.049107142857142856 0.125
0 0.6205357142857143 0.5892857142857143 0.049107142857142856 0.11160714285714286
0 0.6741071428571429 0.4955357142857143 0.04017857142857143 0.07589285714285714
0 0.6919642857142857 0.26339285714285715 0.044642857142857144 0.12946428571428573
0 0.6428571428571429 0.4017857142857143 0.08035714285714286 0.17410714285714285
0 0.6919642857142857 0.38392857142857145 0.04017857142857143 0.0625
0 0.7142857142857143 0.3392857142857143 0.04017857142857143 0.10714285714285714
0 0.7366071428571429 0.39285714285714285 0.04017857142857143 0.10267857142857142
0 0.7857142857142857 0.33035714285714285 0.03571428571428571 0.07589285714285714
0 0.6517857142857143 0.6428571428571429 0.04017857142857143 0.09821428571428571