0 0.41517857142857145 0.16517857142857142 0.27232142857142855 0.22767857142857142
0 0.3705357142857143 0.5044642857142857 0.23660714285714285 0.15625
0 0.25892857142857145 0.5758928571428571 0.19642857142857142 0.10714285714285714
0 0.9553571428571429 0.3705357142857143 0.08482142857142858 0.12946428571428573
0 0.5714285714285714 0.6294642857142857 0.12946428571428573 0.07142857142857142
0 0.5669642857142857 0.6785714285714286 0.125 0.07142857142857142
0 0.4642857142857143 0.7008928571428571 0.08482142857142858 0.05357142857142857
0 0.23214285714285715 0.6473214285714286 0.13839285714285715 0.07142857142857142
0 0.3794642857142857 0.6428571428571429 0.18303571428571427 0.11160714285714286
0 0.35267857142857145 0.6830357142857143 0.07142857142857142 0.049107142857142856
0 0.30357142857142855 0.6964285714285714 0.11607142857142858 0.0625
0 0.3482142857142857 0.7321428571428571 0.10714285714285714 0.05803571428571429
0 0.2767857142857143 0.7589285714285714 0.08035714285714286 0.049107142857142856
0 0.6160714285714286 0.7232142857142857 0.10267857142857142 0.05803571428571429