0 0.8125 0.7455357142857143 0.21875 0.26339285714285715
0 0.44642857142857145 0.7008928571428571 0.13839285714285715 0.24107142857142858
0 0.32589285714285715 0.7991071428571429 0.08928571428571429 0.19642857142857142
0 0.8169642857142857 0.125 0.12053571428571429 0.13392857142857142
0 0.39285714285714285 0.4732142857142857 0.0625 0.13392857142857142
0 0.34375 0.45982142857142855 0.0625 0.125
0 0.2767857142857143 0.5580357142857143 0.049107142857142856 0.08482142857142858
0 0.24107142857142858 0.8035714285714286 0.0625 0.14285714285714285
0 0.3080357142857143 0.65625 0.09821428571428571 0.1875
0 0.2544642857142857 0.6785714285714286 0.044642857142857144 0.07142857142857142
0 0.22321428571428573 0.7232142857142857 0.05357142857142857 0.11607142857142858
0 0.20089285714285715 0.6696428571428571 0.049107142857142856 0.11160714285714286
0 0.14732142857142858 0.7321428571428571 0.04017857142857143 0.08035714285714286
0 0.3125 0.40625 0.049107142857142856 0.10714285714285714