0 0.6696428571428571 0.6116071428571429 0.25892857142857145 0.19642857142857142
0 0.32589285714285715 0.8526785714285714 0.4330357142857143 0.27232142857142855
0 0.8035714285714286 0.9375 0.32589285714285715 0.11607142857142858
0 0.9196428571428571 0.7455357142857143 0.15625 0.13392857142857142
0 0.34375 0.45535714285714285 0.38839285714285715 0.16071428571428573
0 0.6875 0.38392857142857145 0.15178571428571427 0.0625
0 0.875 0.4375 0.13839285714285715 0.09821428571428571
0 0.9732142857142857 0.5133928571428571 0.049107142857142856 0.05803571428571429
0 0.625 0.18303571428571427 0.15178571428571427 0.049107142857142856
0 0.48214285714285715 0.2767857142857143 0.1875 0.0625
0 0.4017857142857143 0.21875 0.08035714285714286 0.03571428571428571
0 0.21875 0.22767857142857142 0.19196428571428573 0.06696428571428571
0 0.6919642857142857 0.125 0.09821428571428571 0.03571428571428571
0 0.5848214285714286 0.10714285714285714 0.12946428571428573 0.03571428571428571
0 0.3392857142857143 0.15625 0.24553571428571427 0.0625
0 0.75 0.06696428571428571 0.17857142857142858 0.06696428571428571
0 0.5669642857142857 0.34375 0.13392857142857142 0.049107142857142856
0 0.6875 0.28125 0.0625 0.03571428571428571
0 0.04017857142857143 0.7098214285714286 0.08035714285714286 0.10267857142857142