0 0.41517857142857145 0.48660714285714285 0.38839285714285715 0.22767857142857142
0 0.15178571428571427 0.7321428571428571 0.30357142857142855 0.15625
0 0.8258928571428571 0.5133928571428571 0.25 0.08928571428571429
0 0.8303571428571429 0.5982142857142857 0.25 0.09821428571428571
0 0.7946428571428571 0.7321428571428571 0.21428571428571427 0.1875
0 0.6919642857142857 0.4107142857142857 0.25892857142857145 0.08928571428571429
0 0.6651785714285714 0.33035714285714285 0.15178571428571427 0.04017857142857143
0 0.3794642857142857 0.25 0.16964285714285715 0.049107142857142856
0 0.5758928571428571 0.27232142857142855 0.17410714285714285 0.05357142857142857
0 0.7366071428571429 0.24553571428571427 0.13392857142857142 0.06696428571428571
0 0.65625 0.19642857142857142 0.10267857142857142 0.03571428571428571
0 0.5491071428571429 0.17857142857142858 0.11607142857142858 0.026785714285714284
0 0.4375 0.19642857142857142 0.11607142857142858 0.03125
0 0.25892857142857145 0.20982142857142858 0.08482142857142858 0.022321428571428572
0 0.29017857142857145 0.17410714285714285 0.0625 0.013392857142857142
0 0.3125 0.14285714285714285 0.05357142857142857 0.013392857142857142
0 0.3794642857142857 0.15625 0.05803571428571429 0.017857142857142856