0 0.26785714285714285 0.5758928571428571 0.20535714285714285 0.08035714285714286
0 0.4955357142857143 0.6428571428571429 0.16071428571428573 0.08035714285714286
0 0.36160714285714285 0.7589285714285714 0.13392857142857142 0.10714285714285714
0 0.7366071428571429 0.8258928571428571 0.11160714285714286 0.04017857142857143
0 0.17857142857142858 0.5 0.07589285714285714 0.03571428571428571
0 0.08928571428571429 0.48214285714285715 0.08482142857142858 0.03125
0 0.36160714285714285 0.45982142857142855 0.12946428571428573 0.03571428571428571
0 0.25 0.45982142857142855 0.07589285714285714 0.022321428571428572
0 0.23660714285714285 0.42857142857142855 0.04017857142857143 0.017857142857142856
0 0.7544642857142857 0.5 0.08482142857142858 0.022321428571428572
0 0.9642857142857143 0.5178571428571429 0.06696428571428571 0.049107142857142856