0 0.3794642857142857 0.7142857142857143 0.13392857142857142 0.0625
0 0.48660714285714285 0.6696428571428571 0.08035714285714286 0.03571428571428571
0 0.25892857142857145 0.5714285714285714 0.12946428571428573 0.049107142857142856
0 0.4330357142857143 0.5580357142857143 0.06696428571428571 0.026785714285714284
0 0.5625 0.5625 0.07589285714285714 0.017857142857142856
0 0.6919642857142857 0.5580357142857143 0.044642857142857144 0.017857142857142856
0 0.5714285714285714 0.5491071428571429 0.11607142857142858 0.013392857142857142
0 0.42857142857142855 0.4955357142857143 0.08035714285714286 0.026785714285714284
0 0.1875 0.48214285714285715 0.03125 0.013392857142857142
0 0.30357142857142855 0.5 0.0625 0.022321428571428572
0 0.35714285714285715 0.45982142857142855 0.026785714285714284 0.013392857142857142
0 0.8080357142857143 0.6741071428571429 0.19196428571428573 0.0625