0 0.28125 0.5892857142857143 0.4107142857142857 0.16517857142857142
0 0.2544642857142857 0.44642857142857145 0.07589285714285714 0.022321428571428572
0 0.13392857142857142 0.75 0.125 0.12053571428571429
0 0.6383928571428571 0.6339285714285714 0.13839285714285715 0.08928571428571429
0 0.6919642857142857 0.7321428571428571 0.08482142857142858 0.08482142857142858
0 0.8125 0.7053571428571429 0.12053571428571429 0.08928571428571429
0 0.8258928571428571 0.6026785714285714 0.16071428571428573 0.07142857142857142
0 0.8794642857142857 0.5357142857142857 0.23214285714285715 0.08928571428571429
0 0.7098214285714286 0.4732142857142857 0.08482142857142858 0.049107142857142856
0 0.7678571428571429 0.4375 0.12946428571428573 0.04017857142857143
0 0.5982142857142857 0.5267857142857143 0.14285714285714285 0.08928571428571429
0 0.47767857142857145 0.45089285714285715 0.06696428571428571 0.04017857142857143
0 0.9464285714285714 0.6830357142857143 0.09821428571428571 0.08035714285714286
0 0.49107142857142855 0.6428571428571429 0.0625 0.06696428571428571