0 0.41964285714285715 0.6607142857142857 0.21875 0.07589285714285714
0 0.65625 0.7589285714285714 0.12946428571428573 0.08928571428571429
0 0.5758928571428571 0.6026785714285714 0.11160714285714286 0.044642857142857144
0 0.5446428571428571 0.5491071428571429 0.08928571428571429 0.03571428571428571
0 0.42857142857142855 0.5803571428571429 0.09375 0.03571428571428571
0 0.41964285714285715 0.5044642857142857 0.08482142857142858 0.022321428571428572
0 0.6160714285714286 0.48660714285714285 0.16071428571428573 0.026785714285714284
0 0.7232142857142857 0.5133928571428571 0.09375 0.026785714285714284
0 0.5267857142857143 0.45089285714285715 0.08482142857142858 0.017857142857142856
0 0.07589285714285714 0.6160714285714286 0.15178571428571427 0.0625
0 0.12946428571428573 0.5625 0.09821428571428571 0.03125
0 0.17857142857142858 0.5267857142857143 0.11160714285714286 0.03571428571428571
0 0.24553571428571427 0.47767857142857145 0.06696428571428571 0.013392857142857142
0 0.3080357142857143 0.45089285714285715 0.06696428571428571 0.013392857142857142
0 0.26785714285714285 0.41964285714285715 0.10714285714285714 0.022321428571428572
0 0.39732142857142855 0.38839285714285715 0.09821428571428571 0.017857142857142856
0 0.35714285714285715 0.40625 0.0625 0.013392857142857142
0 0.5133928571428571 0.41517857142857145 0.05357142857142857 0.013392857142857142