0 0.6428571428571429 0.7544642857142857 0.25892857142857145 0.16517857142857142
0 0.6517857142857143 0.49107142857142855 0.20535714285714285 0.07142857142857142
0 0.7544642857142857 0.40625 0.17857142857142858 0.04017857142857143
0 0.7678571428571429 0.3482142857142857 0.12053571428571429 0.03125
0 0.6919642857142857 0.32142857142857145 0.10267857142857142 0.026785714285714284
0 0.6428571428571429 0.29910714285714285 0.09375 0.017857142857142856
0 0.7098214285714286 0.26785714285714285 0.0625 0.017857142857142856
0 0.4375 0.42410714285714285 0.12053571428571429 0.03571428571428571
0 0.4419642857142857 0.38839285714285715 0.08482142857142858 0.03125
0 0.5357142857142857 0.3482142857142857 0.07142857142857142 0.022321428571428572
0 0.38839285714285715 0.35714285714285715 0.08928571428571429 0.026785714285714284
0 0.33482142857142855 0.39285714285714285 0.0625 0.022321428571428572
0 0.07589285714285714 0.7053571428571429 0.12053571428571429 0.08035714285714286