0 0.05803571428571429 0.4732142857142857 0.10714285714285714 0.03571428571428571
0 0.36607142857142855 0.4642857142857143 0.049107142857142856 0.022321428571428572
0 0.5758928571428571 0.35714285714285715 0.08035714285714286 0.03125
0 0.6696428571428571 0.39285714285714285 0.08928571428571429 0.017857142857142856
0 0.625 0.42410714285714285 0.049107142857142856 0.013392857142857142
0 0.5267857142857143 0.38839285714285715 0.049107142857142856 0.017857142857142856
0 0.4955357142857143 0.5401785714285714 0.08482142857142858 0.03571428571428571
0 0.40625 0.5892857142857143 0.15625 0.05803571428571429
0 0.625 0.5178571428571429 0.044642857142857144 0.017857142857142856
0 0.6785714285714286 0.5892857142857143 0.19642857142857142 0.049107142857142856
0 0.7008928571428571 0.6964285714285714 0.17410714285714285 0.10267857142857142
0 0.75 0.5223214285714286 0.12053571428571429 0.05357142857142857