0 0.35714285714285715 0.5133928571428571 0.06696428571428571 0.022321428571428572
0 0.12053571428571429 0.6785714285714286 0.15178571428571427 0.09821428571428571
0 0.20089285714285715 0.71875 0.08035714285714286 0.05803571428571429
0 0.33035714285714285 0.6294642857142857 0.08928571428571429 0.049107142857142856
0 0.42857142857142855 0.6383928571428571 0.09375 0.044642857142857144
0 0.5669642857142857 0.6473214285714286 0.07589285714285714 0.03125
0 0.48660714285714285 0.7142857142857143 0.08928571428571429 0.05357142857142857
0 0.34375 0.7232142857142857 0.09375 0.05803571428571429
0 0.4017857142857143 0.7678571428571429 0.125 0.026785714285714284
0 0.6339285714285714 0.7544642857142857 0.125 0.044642857142857144
0 0.45982142857142855 0.5401785714285714 0.04017857142857143 0.022321428571428572
0 0.41964285714285715 0.5267857142857143 0.03125 0.008928571428571428
0 0.5267857142857143 0.5133928571428571 0.15178571428571427 0.07142857142857142
0 0.7723214285714286 0.6160714285714286 0.32142857142857145 0.12946428571428573
0 0.9330357142857143 0.7276785714285714 0.125 0.09821428571428571