0 0.34375 0.5223214285714286 0.10267857142857142 0.044642857142857144
0 0.36607142857142855 0.46875 0.07589285714285714 0.03125
0 0.47767857142857145 0.49107142857142855 0.06696428571428571 0.026785714285714284
0 0.5803571428571429 0.5044642857142857 0.06696428571428571 0.026785714285714284
0 0.5892857142857143 0.4375 0.06696428571428571 0.03125
0 0.7142857142857143 0.4419642857142857 0.0625 0.03571428571428571
0 0.48214285714285715 0.5848214285714286 0.15178571428571427 0.07142857142857142
0 0.5178571428571429 0.6741071428571429 0.10267857142857142 0.07142857142857142
0 0.9017857142857143 0.30357142857142855 0.16071428571428573 0.049107142857142856
0 0.5089285714285714 0.3392857142857143 0.10714285714285714 0.026785714285714284
0 0.3482142857142857 0.38839285714285715 0.06696428571428571 0.017857142857142856
0 0.26785714285714285 0.35267857142857145 0.0625 0.026785714285714284
0 0.21428571428571427 0.3794642857142857 0.05357142857142857 0.026785714285714284
0 0.13392857142857142 0.39732142857142855 0.09375 0.03125
0 0.23214285714285715 0.4375 0.09375 0.04017857142857143
0 0.34375 0.4107142857142857 0.05357142857142857 0.017857142857142856
0 0.75 0.36607142857142855 0.05803571428571429 0.017857142857142856